mysql> source um6p-cs-introdb-2-dml.sql
+-----+
| did |
+-----+
|   0 |
|   2 |
|  11 |
|  21 |
|  32 |
|  38 |
|  39 |
|  40 |
|  46 |
|  63 |
|  66 |
|  67 |
|  74 |
|  75 |
|  78 |
|  81 |
|  85 |
|  94 |
|  96 |
| 102 |
| 105 |
| 107 |
| 110 |
| 112 |
| 113 |
| 115 |
| 126 |
| 132 |
| 138 |
| 143 |
| 148 |
| 169 |
| 173 |
| 179 |
| 193 |
| 198 |
| 208 |
| 213 |
| 214 |
| 217 |
| 225 |
| 226 |
| 236 |
| 238 |
| 240 |
| 242 |
| 245 |
| 249 |
| 250 |
| 260 |
| 262 |
| 274 |
| 275 |
| 283 |
| 287 |
| 289 |
| 294 |
| 296 |
| 298 |
| 302 |
| 312 |
| 316 |
| 317 |
| 320 |
| 325 |
| 329 |
| 345 |
| 349 |
| 353 |
| 358 |
| 359 |
| 361 |
| 365 |
| 366 |
| 367 |
| 377 |
| 389 |
| 399 |
| 400 |
| 415 |
| 428 |
| 442 |
| 466 |
| 467 |
| 468 |
| 472 |
| 474 |
| 477 |
| 478 |
| 481 |
| 486 |
| 488 |
| 489 |
| 490 |
| 492 |
| 500 |
| 501 |
| 506 |
| 510 |
| 511 |
| 513 |
| 523 |
| 534 |
| 551 |
| 561 |
| 570 |
| 578 |
| 579 |
| 589 |
| 595 |
| 601 |
| 606 |
| 607 |
| 613 |
| 617 |
| 621 |
| 630 |
| 633 |
| 638 |
| 642 |
| 649 |
| 651 |
| 655 |
| 656 |
| 657 |
| 658 |
| 659 |
| 661 |
| 663 |
| 669 |
| 670 |
| 677 |
| 685 |
| 694 |
| 717 |
| 721 |
| 722 |
| 729 |
| 732 |
| 736 |
| 739 |
| 742 |
| 744 |
| 752 |
| 756 |
| 757 |
| 764 |
| 765 |
| 771 |
| 775 |
| 780 |
| 789 |
| 799 |
| 810 |
| 822 |
| 823 |
| 825 |
| 830 |
| 836 |
| 842 |
| 844 |
| 849 |
| 854 |
| 855 |
| 856 |
| 861 |
| 862 |
| 868 |
| 870 |
| 873 |
| 874 |
| 888 |
| 894 |
| 905 |
| 907 |
| 921 |
| 951 |
| 976 |
| 978 |
| 982 |
| 988 |
| 993 |
+-----+
182 rows in set (0.00 sec)

+-----+
| pid |
+-----+
|   0 |
|   1 |
|   2 |
|   3 |
|   4 |
|   5 |
|   6 |
|   7 |
|   8 |
|   9 |
|  10 |
|  11 |
|  13 |
|  14 |
|  15 |
|  17 |
|  18 |
|  19 |
|  22 |
|  23 |
|  24 |
|  25 |
|  26 |
|  27 |
|  29 |
|  30 |
|  31 |
|  33 |
|  35 |
|  37 |
|  38 |
|  39 |
|  41 |
|  43 |
|  44 |
|  45 |
|  46 |
|  52 |
|  53 |
|  54 |
|  55 |
|  56 |
|  59 |
|  60 |
|  63 |
|  64 |
|  65 |
|  67 |
|  69 |
|  71 |
|  72 |
|  74 |
|  75 |
|  77 |
|  79 |
|  81 |
|  82 |
|  83 |
|  84 |
|  85 |
|  86 |
|  88 |
|  98 |
|  99 |
| 100 |
| 101 |
| 103 |
| 104 |
| 105 |
| 107 |
| 109 |
| 110 |
| 111 |
| 112 |
| 113 |
| 114 |
| 116 |
| 117 |
| 118 |
| 119 |
| 120 |
| 121 |
| 122 |
| 124 |
| 125 |
| 128 |
| 130 |
| 131 |
| 132 |
| 133 |
| 134 |
| 135 |
| 136 |
| 137 |
| 139 |
| 140 |
| 141 |
| 142 |
| 143 |
| 144 |
| 145 |
| 146 |
| 148 |
| 149 |
| 150 |
| 152 |
| 153 |
| 155 |
| 156 |
| 158 |
| 159 |
| 164 |
| 165 |
| 167 |
| 168 |
| 169 |
| 171 |
| 172 |
| 173 |
| 175 |
| 176 |
| 177 |
| 179 |
| 180 |
| 181 |
| 183 |
| 185 |
| 186 |
| 189 |
| 191 |
| 197 |
| 198 |
| 199 |
| 200 |
| 201 |
| 202 |
| 203 |
| 204 |
| 207 |
| 211 |
| 214 |
| 215 |
| 216 |
| 217 |
| 220 |
| 221 |
| 222 |
| 223 |
| 227 |
| 228 |
| 229 |
| 230 |
| 231 |
| 232 |
| 235 |
| 236 |
| 244 |
| 249 |
| 250 |
| 251 |
| 253 |
| 254 |
| 255 |
| 256 |
| 261 |
| 263 |
| 264 |
| 265 |
| 269 |
| 270 |
| 271 |
| 272 |
| 276 |
| 277 |
| 278 |
| 279 |
| 283 |
| 286 |
| 287 |
| 288 |
| 289 |
| 290 |
| 291 |
| 292 |
| 294 |
| 295 |
| 297 |
| 298 |
| 301 |
| 303 |
| 304 |
| 305 |
| 308 |
| 309 |
| 310 |
| 311 |
| 313 |
| 314 |
| 316 |
| 317 |
| 318 |
| 320 |
| 321 |
| 323 |
| 324 |
| 327 |
| 331 |
| 332 |
| 333 |
| 335 |
| 336 |
| 337 |
| 338 |
| 339 |
| 340 |
| 341 |
| 343 |
| 346 |
| 347 |
| 348 |
| 356 |
| 357 |
| 359 |
| 360 |
| 361 |
| 363 |
| 364 |
| 365 |
| 366 |
| 368 |
| 370 |
| 374 |
| 375 |
| 376 |
| 377 |
| 378 |
| 380 |
| 381 |
| 382 |
| 386 |
| 389 |
| 391 |
| 392 |
| 394 |
| 396 |
| 397 |
| 399 |
| 400 |
| 401 |
| 402 |
| 403 |
| 405 |
| 409 |
| 410 |
| 411 |
| 413 |
| 414 |
| 415 |
| 416 |
| 417 |
| 418 |
| 427 |
| 428 |
| 430 |
| 431 |
| 432 |
| 433 |
| 434 |
| 435 |
| 436 |
| 437 |
| 440 |
| 441 |
| 442 |
| 445 |
| 447 |
| 448 |
| 449 |
| 450 |
| 452 |
| 453 |
| 456 |
| 457 |
| 458 |
| 459 |
| 460 |
| 461 |
| 462 |
| 463 |
| 464 |
| 468 |
| 471 |
| 473 |
| 476 |
| 479 |
| 480 |
| 482 |
| 483 |
| 484 |
| 485 |
| 487 |
| 489 |
| 492 |
| 495 |
| 496 |
| 498 |
| 499 |
| 502 |
| 504 |
| 505 |
| 506 |
| 509 |
| 511 |
| 512 |
| 513 |
| 514 |
| 515 |
| 516 |
| 518 |
| 519 |
| 520 |
| 524 |
| 525 |
| 526 |
| 528 |
| 531 |
| 532 |
| 533 |
| 534 |
| 537 |
| 538 |
| 539 |
| 540 |
| 541 |
| 545 |
| 546 |
| 551 |
| 552 |
| 553 |
| 555 |
| 556 |
| 557 |
| 558 |
| 559 |
| 561 |
| 562 |
| 563 |
| 565 |
| 568 |
| 570 |
| 573 |
| 574 |
| 578 |
| 580 |
| 582 |
| 584 |
| 586 |
| 587 |
| 588 |
| 590 |
| 591 |
| 592 |
| 593 |
| 596 |
| 598 |
| 599 |
| 600 |
| 602 |
| 603 |
| 604 |
| 605 |
| 610 |
| 611 |
| 617 |
| 618 |
| 619 |
| 620 |
| 621 |
| 626 |
| 629 |
| 630 |
| 631 |
| 632 |
| 633 |
| 634 |
| 635 |
| 636 |
| 637 |
| 638 |
| 639 |
| 640 |
| 641 |
| 643 |
| 644 |
| 646 |
| 647 |
| 648 |
| 650 |
| 651 |
| 652 |
| 654 |
| 657 |
| 659 |
| 660 |
| 661 |
| 662 |
| 664 |
| 665 |
| 666 |
| 671 |
| 675 |
| 676 |
| 678 |
| 680 |
| 681 |
| 682 |
| 683 |
| 686 |
| 688 |
| 689 |
| 690 |
| 691 |
| 695 |
| 697 |
| 698 |
| 699 |
| 701 |
| 702 |
| 707 |
| 708 |
| 709 |
| 714 |
| 715 |
| 716 |
| 718 |
| 720 |
| 721 |
| 722 |
| 724 |
| 725 |
| 726 |
| 727 |
| 728 |
| 729 |
| 730 |
| 731 |
| 732 |
| 733 |
| 735 |
| 736 |
| 738 |
| 740 |
| 741 |
| 744 |
| 745 |
| 747 |
| 748 |
| 749 |
| 752 |
| 754 |
| 755 |
| 756 |
| 757 |
| 758 |
| 759 |
| 760 |
| 761 |
| 762 |
| 763 |
| 765 |
| 767 |
| 768 |
| 769 |
| 770 |
| 771 |
| 772 |
| 774 |
| 778 |
| 779 |
| 780 |
| 783 |
| 785 |
| 786 |
| 788 |
| 789 |
| 790 |
| 791 |
| 793 |
| 794 |
| 795 |
| 796 |
| 797 |
| 799 |
| 800 |
| 802 |
| 803 |
| 804 |
| 805 |
| 806 |
| 808 |
| 811 |
| 815 |
| 818 |
| 821 |
| 822 |
| 824 |
| 826 |
| 828 |
| 830 |
| 832 |
| 833 |
| 834 |
| 837 |
| 838 |
| 841 |
| 842 |
| 843 |
| 845 |
| 847 |
| 848 |
| 849 |
| 852 |
| 853 |
| 854 |
| 856 |
| 858 |
| 859 |
| 860 |
| 862 |
| 863 |
| 864 |
| 866 |
| 868 |
| 869 |
| 873 |
| 874 |
| 876 |
| 879 |
| 880 |
| 881 |
| 884 |
| 885 |
| 888 |
| 890 |
| 891 |
| 892 |
| 894 |
| 895 |
| 896 |
| 897 |
| 899 |
| 901 |
| 903 |
| 904 |
| 905 |
| 906 |
| 907 |
| 908 |
| 909 |
| 910 |
| 911 |
| 914 |
| 916 |
| 917 |
| 919 |
| 921 |
| 923 |
| 926 |
| 927 |
| 928 |
| 929 |
| 933 |
| 935 |
| 936 |
| 937 |
| 939 |
| 940 |
| 942 |
| 945 |
| 949 |
| 950 |
| 952 |
| 953 |
| 954 |
| 955 |
| 956 |
| 959 |
| 960 |
| 961 |
| 963 |
| 964 |
| 968 |
| 969 |
| 971 |
| 973 |
| 974 |
| 975 |
| 976 |
| 977 |
| 978 |
| 980 |
| 982 |
| 984 |
| 985 |
| 986 |
| 987 |
| 988 |
| 989 |
| 990 |
| 991 |
| 994 |
| 995 |
| 997 |
+-----+
613 rows in set (0.00 sec)

+-----+
| cid |
+-----+
|   0 |
|   6 |
|   7 |
|   8 |
|   9 |
|  10 |
|  11 |
|  13 |
|  14 |
|  17 |
|  19 |
|  20 |
|  21 |
|  22 |
|  23 |
|  24 |
|  26 |
|  27 |
|  28 |
|  29 |
|  30 |
|  31 |
|  32 |
|  33 |
|  34 |
|  35 |
|  37 |
|  38 |
|  39 |
|  40 |
|  41 |
|  42 |
|  46 |
|  48 |
|  49 |
|  51 |
|  56 |
|  57 |
|  58 |
|  62 |
|  63 |
|  64 |
|  66 |
|  67 |
|  68 |
|  70 |
|  71 |
|  73 |
|  74 |
|  79 |
|  80 |
|  81 |
|  83 |
|  84 |
|  85 |
|  87 |
|  88 |
|  89 |
|  90 |
|  93 |
|  97 |
|  99 |
| 101 |
| 102 |
| 104 |
| 105 |
| 107 |
| 108 |
| 109 |
| 111 |
| 113 |
| 116 |
| 117 |
| 120 |
| 124 |
| 127 |
| 128 |
| 131 |
| 132 |
| 134 |
| 135 |
| 137 |
| 138 |
| 140 |
| 141 |
| 142 |
| 144 |
| 147 |
| 149 |
| 151 |
| 152 |
| 153 |
| 155 |
| 156 |
| 158 |
| 160 |
| 163 |
| 164 |
| 167 |
| 168 |
| 169 |
| 170 |
| 173 |
| 174 |
| 176 |
| 177 |
| 178 |
| 179 |
| 180 |
| 182 |
| 183 |
| 185 |
| 186 |
| 189 |
| 191 |
| 193 |
| 194 |
| 195 |
| 196 |
| 198 |
| 199 |
| 201 |
| 202 |
| 203 |
| 206 |
| 207 |
| 210 |
| 211 |
| 212 |
| 216 |
| 219 |
| 220 |
| 221 |
| 223 |
| 225 |
| 228 |
| 231 |
| 233 |
| 234 |
| 236 |
| 237 |
| 240 |
| 241 |
| 242 |
| 243 |
| 245 |
| 247 |
| 249 |
| 250 |
| 251 |
| 252 |
| 255 |
| 257 |
| 258 |
| 260 |
| 262 |
| 270 |
| 272 |
| 273 |
| 275 |
| 276 |
| 277 |
| 280 |
| 282 |
| 284 |
| 285 |
| 289 |
| 295 |
| 297 |
| 298 |
| 301 |
| 303 |
| 304 |
| 305 |
| 306 |
| 309 |
| 311 |
| 312 |
| 314 |
| 315 |
| 319 |
| 321 |
| 323 |
| 324 |
| 326 |
| 328 |
| 329 |
| 330 |
| 331 |
| 333 |
| 335 |
| 337 |
| 339 |
| 342 |
| 349 |
| 351 |
| 352 |
| 355 |
| 356 |
| 358 |
| 359 |
| 360 |
| 362 |
| 364 |
| 365 |
| 367 |
| 369 |
| 370 |
| 371 |
| 372 |
| 373 |
| 375 |
| 377 |
| 378 |
| 379 |
| 380 |
| 381 |
| 382 |
| 384 |
| 385 |
| 386 |
| 387 |
| 389 |
| 390 |
| 391 |
| 394 |
| 395 |
| 396 |
| 397 |
| 398 |
| 399 |
| 400 |
| 401 |
| 402 |
| 403 |
| 404 |
| 405 |
| 406 |
| 408 |
| 409 |
| 410 |
| 411 |
| 413 |
| 415 |
| 416 |
| 417 |
| 418 |
| 419 |
| 420 |
| 422 |
| 424 |
| 425 |
| 427 |
| 430 |
| 431 |
| 433 |
| 435 |
| 437 |
| 438 |
| 439 |
| 441 |
| 444 |
| 445 |
| 446 |
| 447 |
| 452 |
| 453 |
| 457 |
| 458 |
| 459 |
| 460 |
| 461 |
| 462 |
| 463 |
| 464 |
| 465 |
| 466 |
| 467 |
| 468 |
| 469 |
| 470 |
| 473 |
| 476 |
| 477 |
| 478 |
| 479 |
| 480 |
| 482 |
| 483 |
| 484 |
| 485 |
| 488 |
| 489 |
| 491 |
| 492 |
| 493 |
| 496 |
| 497 |
| 498 |
| 499 |
| 500 |
| 501 |
| 503 |
| 504 |
| 505 |
| 508 |
| 510 |
| 511 |
| 512 |
| 517 |
| 518 |
| 519 |
| 521 |
| 523 |
| 524 |
| 525 |
| 528 |
| 529 |
| 533 |
| 534 |
| 536 |
| 537 |
| 539 |
| 540 |
| 542 |
| 543 |
| 544 |
| 546 |
| 549 |
| 550 |
| 551 |
| 552 |
| 553 |
| 554 |
| 555 |
| 559 |
| 560 |
| 562 |
| 563 |
| 564 |
| 565 |
| 569 |
| 570 |
| 571 |
| 574 |
| 576 |
| 577 |
| 578 |
| 580 |
| 581 |
| 582 |
| 583 |
| 584 |
| 585 |
| 587 |
| 588 |
| 590 |
| 592 |
| 596 |
| 601 |
| 602 |
| 603 |
| 604 |
| 607 |
| 608 |
| 613 |
| 617 |
| 618 |
| 619 |
| 621 |
| 622 |
| 624 |
| 625 |
| 627 |
| 628 |
| 629 |
| 631 |
| 632 |
| 635 |
| 638 |
| 641 |
| 642 |
| 643 |
| 644 |
| 645 |
| 647 |
| 650 |
| 651 |
| 656 |
| 657 |
| 658 |
| 659 |
| 663 |
| 667 |
| 668 |
| 669 |
| 672 |
| 674 |
| 676 |
| 677 |
| 678 |
| 679 |
| 681 |
| 682 |
| 683 |
| 684 |
| 685 |
| 686 |
| 687 |
| 688 |
| 690 |
| 691 |
| 693 |
| 695 |
| 697 |
| 698 |
| 700 |
| 701 |
| 702 |
| 703 |
| 704 |
| 705 |
| 708 |
| 709 |
| 712 |
| 713 |
| 714 |
| 716 |
| 717 |
| 718 |
| 720 |
| 724 |
| 726 |
| 727 |
| 729 |
| 730 |
| 731 |
| 733 |
| 736 |
| 737 |
| 738 |
| 740 |
| 741 |
| 748 |
| 750 |
| 753 |
| 756 |
| 757 |
| 758 |
| 759 |
| 760 |
| 761 |
| 762 |
| 763 |
| 766 |
| 767 |
| 768 |
| 769 |
| 771 |
| 772 |
| 773 |
| 774 |
| 775 |
| 776 |
| 777 |
| 780 |
| 781 |
| 782 |
| 784 |
| 785 |
| 786 |
| 787 |
| 789 |
| 791 |
| 792 |
| 794 |
| 796 |
| 797 |
| 798 |
| 801 |
| 802 |
| 803 |
| 805 |
| 807 |
| 810 |
| 811 |
| 812 |
| 814 |
| 815 |
| 817 |
| 819 |
| 820 |
| 821 |
| 822 |
| 828 |
| 832 |
| 834 |
| 835 |
| 836 |
| 838 |
| 842 |
| 843 |
| 844 |
| 846 |
| 847 |
| 848 |
| 850 |
| 851 |
| 853 |
| 857 |
| 858 |
| 859 |
| 860 |
| 861 |
| 863 |
| 865 |
| 870 |
| 871 |
| 872 |
| 873 |
| 875 |
| 876 |
| 879 |
| 880 |
| 881 |
| 882 |
| 883 |
| 885 |
| 886 |
| 888 |
| 890 |
| 893 |
| 894 |
| 895 |
| 896 |
| 898 |
| 900 |
| 901 |
| 905 |
| 907 |
| 910 |
| 911 |
| 913 |
| 914 |
| 915 |
| 918 |
| 919 |
| 921 |
| 922 |
| 923 |
| 924 |
| 925 |
| 929 |
| 930 |
| 931 |
| 932 |
| 933 |
| 934 |
| 935 |
| 936 |
| 938 |
| 940 |
| 941 |
| 942 |
| 943 |
| 947 |
| 949 |
| 955 |
| 957 |
| 958 |
| 959 |
| 961 |
| 963 |
| 965 |
| 966 |
| 967 |
| 968 |
| 970 |
| 971 |
| 974 |
| 975 |
| 979 |
| 980 |
| 982 |
| 983 |
| 985 |
| 986 |
| 989 |
| 990 |
| 992 |
| 993 |
| 999 |
+-----+
592 rows in set (0.00 sec)

ERROR 1054 (42S22): Unknown column '‘Phosfeed’' in 'where clause'
+-----+
| sid |
+-----+
|  17 |
|  19 |
|  25 |
|  30 |
|  32 |
|  39 |
|  44 |
|  50 |
|  53 |
|  60 |
|  64 |
|  83 |
|  88 |
|  89 |
|  90 |
| 100 |
| 106 |
| 109 |
| 110 |
| 112 |
| 118 |
| 124 |
| 125 |
| 134 |
| 146 |
| 147 |
| 150 |
| 157 |
| 161 |
| 164 |
| 166 |
| 171 |
| 179 |
| 180 |
| 181 |
| 184 |
| 188 |
| 189 |
| 191 |
| 193 |
| 194 |
| 195 |
| 196 |
| 201 |
| 209 |
| 210 |
| 211 |
| 213 |
| 216 |
| 217 |
| 227 |
| 229 |
| 239 |
| 240 |
| 252 |
| 256 |
| 266 |
| 267 |
| 272 |
| 277 |
| 278 |
| 280 |
| 281 |
| 286 |
| 290 |
| 292 |
| 317 |
| 332 |
| 341 |
| 342 |
| 349 |
| 350 |
| 361 |
| 362 |
| 363 |
| 370 |
| 372 |
| 373 |
| 380 |
| 382 |
| 383 |
| 387 |
| 389 |
| 399 |
| 400 |
| 401 |
| 404 |
| 408 |
| 413 |
| 417 |
| 422 |
| 435 |
| 437 |
| 440 |
| 448 |
| 454 |
| 456 |
| 459 |
| 462 |
| 463 |
| 465 |
| 470 |
| 474 |
| 476 |
| 477 |
| 478 |
| 483 |
| 485 |
| 490 |
| 494 |
| 495 |
| 515 |
| 519 |
| 521 |
| 524 |
| 525 |
| 527 |
| 528 |
| 532 |
| 540 |
| 558 |
| 559 |
| 565 |
| 568 |
| 571 |
| 577 |
| 585 |
| 586 |
| 590 |
| 593 |
| 600 |
| 608 |
| 614 |
| 615 |
| 621 |
| 624 |
| 625 |
| 638 |
| 642 |
| 645 |
| 650 |
| 652 |
| 655 |
| 663 |
| 673 |
| 676 |
| 677 |
| 679 |
| 686 |
| 688 |
| 689 |
| 690 |
| 692 |
| 693 |
| 694 |
| 696 |
| 707 |
| 709 |
| 718 |
| 720 |
| 721 |
| 731 |
| 734 |
| 735 |
| 737 |
| 738 |
| 740 |
| 741 |
| 743 |
| 744 |
| 747 |
| 750 |
| 755 |
| 770 |
| 772 |
| 773 |
| 776 |
| 797 |
| 799 |
| 804 |
| 805 |
| 807 |
| 810 |
| 821 |
| 826 |
| 828 |
| 835 |
| 837 |
| 838 |
| 839 |
| 841 |
| 842 |
| 849 |
| 852 |
| 856 |
| 858 |
| 876 |
| 883 |
| 885 |
| 888 |
| 894 |
| 900 |
| 901 |
| 902 |
| 906 |
| 926 |
| 927 |
| 929 |
| 931 |
| 933 |
| 941 |
| 952 |
| 959 |
| 961 |
| 962 |
| 968 |
| 976 |
| 977 |
| 982 |
| 983 |
| 984 |
| 995 |
| 996 |
| 999 |
+-----+
224 rows in set (0.00 sec)

Empty set (0.00 sec)

+-----+
| sid |
+-----+
| 348 |
|  80 |
| 782 |
| 592 |
| 134 |
| 795 |
| 643 |
| 450 |
| 717 |
| 345 |
| 244 |
|  82 |
| 108 |
|  37 |
| 904 |
| 749 |
| 814 |
| 984 |
| 608 |
| 402 |
| 864 |
| 565 |
| 381 |
| 479 |
| 590 |
|   5 |
| 711 |
|  54 |
| 110 |
| 570 |
| 362 |
| 350 |
| 630 |
| 822 |
| 226 |
| 153 |
| 180 |
| 880 |
| 470 |
| 905 |
| 663 |
| 298 |
| 361 |
| 255 |
| 183 |
| 817 |
|  12 |
| 186 |
| 228 |
| 355 |
| 605 |
| 921 |
| 623 |
| 775 |
| 820 |
| 405 |
| 683 |
| 862 |
| 602 |
| 462 |
| 238 |
| 986 |
| 347 |
| 729 |
| 536 |
| 422 |
| 792 |
| 692 |
|  25 |
| 990 |
| 864 |
| 308 |
| 426 |
| 950 |
|  99 |
| 497 |
| 974 |
| 703 |
| 467 |
| 746 |
| 285 |
| 817 |
| 973 |
| 768 |
| 613 |
| 535 |
|  35 |
| 888 |
| 705 |
| 273 |
| 250 |
| 876 |
| 125 |
| 402 |
|  16 |
| 691 |
| 635 |
| 734 |
| 936 |
| 143 |
| 545 |
|   2 |
| 547 |
| 899 |
| 204 |
| 788 |
| 317 |
| 651 |
| 580 |
| 621 |
+-----+
110 rows in set (0.00 sec)

Empty set (0.00 sec)

+--------------+
| region       |
+--------------+
| Asia         |
| Local Market |
| Africa       |
| Local Market |
| Local Market |
| Africa       |
| Americas     |
| Americas     |
| Asia         |
| Africa       |
| Asia         |
| Africa       |
| Africa       |
| Africa       |
| Local Market |
| Europe       |
| Americas     |
| Americas     |
| Americas     |
| Europe       |
| Americas     |
| Local Market |
| Africa       |
| Africa       |
| Africa       |
| Americas     |
| Americas     |
| Local Market |
| Europe       |
| Europe       |
| Africa       |
| Africa       |
| Local Market |
| Africa       |
| Americas     |
| Americas     |
| Africa       |
| Americas     |
| Africa       |
| Americas     |
| Local Market |
| Asia         |
| Africa       |
| Americas     |
| Americas     |
| Africa       |
| Local Market |
| Europe       |
| Americas     |
| Local Market |
| Asia         |
| Africa       |
| Asia         |
| Africa       |
| Americas     |
| Europe       |
| Asia         |
| Asia         |
| Europe       |
| Africa       |
| Local Market |
| Local Market |
| Americas     |
| Africa       |
| Americas     |
| Africa       |
| Africa       |
| Local Market |
| Asia         |
| Americas     |
| Asia         |
| Europe       |
| Asia         |
| Americas     |
| Americas     |
| Asia         |
| Africa       |
| Local Market |
| Africa       |
| Asia         |
+--------------+
80 rows in set (0.00 sec)

ERROR 1054 (42S22): Unknown column 'D.contract_status' in 'field list'
+-------------+
| transportid |
+-------------+
|         193 |
|         392 |
|         118 |
|          97 |
|          11 |
|         287 |
|         439 |
|         459 |
|         351 |
|         418 |
|         224 |
|         329 |
|         497 |
|         227 |
|          83 |
|         109 |
|         272 |
|         398 |
|         305 |
|         422 |
|         344 |
|         234 |
|         116 |
|         144 |
|         371 |
|         159 |
|          51 |
|          22 |
|         318 |
|          95 |
|          75 |
|         156 |
|         162 |
|         384 |
|         404 |
|         252 |
|         213 |
|          77 |
|         428 |
|         421 |
|         212 |
|         306 |
|         477 |
|         191 |
|          53 |
|         301 |
|         217 |
|         403 |
|         218 |
|         325 |
|         169 |
|         271 |
|          16 |
|         127 |
|         243 |
|         456 |
|         143 |
|         413 |
|         429 |
|         468 |
|         420 |
|         495 |
|          89 |
|         192 |
|         288 |
|          42 |
|           1 |
|         103 |
|          60 |
|         333 |
|         454 |
|           3 |
|         259 |
|         226 |
|         304 |
|         331 |
|         354 |
|         391 |
|         478 |
|         372 |
|         185 |
|          31 |
|          91 |
|         105 |
|         189 |
|         342 |
|         161 |
|         327 |
|         444 |
|         455 |
|         471 |
|         112 |
|         312 |
|         435 |
|         461 |
|         365 |
|         125 |
|         231 |
|          70 |
|         119 |
|          43 |
|         266 |
|         203 |
|         310 |
|          26 |
|         132 |
|         300 |
|         482 |
|         347 |
|         211 |
|         130 |
|         285 |
|         303 |
|         480 |
|          35 |
|         352 |
|         376 |
|          73 |
|          87 |
|         138 |
|         141 |
|           4 |
|         117 |
|         175 |
+-------------+
124 rows in set (0.00 sec)

+-------------+
| contract_id |
+-------------+
|        1383 |
|        1398 |
|        1982 |
|        1982 |
|        1382 |
|        1383 |
|        1398 |
|        1443 |
|        1398 |
|        1398 |
|        1382 |
|        1982 |
|        1398 |
|        1383 |
|        1443 |
|        1443 |
|        1383 |
|        1443 |
|        1443 |
|        1382 |
|        1443 |
|        1383 |
|        1398 |
|        1382 |
|        1383 |
|        1382 |
|        1443 |
|        1982 |
|        1383 |
|        1982 |
|        1398 |
|        1383 |
|        1398 |
|        1383 |
|        1382 |
|        1982 |
|        1383 |
|        1982 |
|        1443 |
|        1383 |
|        1382 |
|        1398 |
|        1443 |
|        1443 |
|        1443 |
|        1443 |
|        1982 |
|        1982 |
|        1982 |
|        1383 |
|        1443 |
|        1443 |
|        1443 |
|        1982 |
|        1982 |
|        1383 |
|        1443 |
|        1382 |
|        1382 |
|        1443 |
|        1443 |
|        1982 |
|        1982 |
|        1383 |
|        1382 |
|        1982 |
|        1383 |
|        1382 |
|        1383 |
|        1982 |
|        1398 |
|        1382 |
|        1398 |
|        1383 |
|        1383 |
|        1383 |
|        1383 |
|        1398 |
|        1982 |
|        1443 |
|        1398 |
|        1443 |
|        1382 |
|        1398 |
|        1398 |
|        1982 |
|        1398 |
|        1383 |
|        1443 |
|        1382 |
|        1982 |
|        1443 |
|        1382 |
|        1982 |
|        1443 |
|        1398 |
|        1443 |
|        1982 |
|        1398 |
|        1398 |
|        1383 |
|        1982 |
|        1443 |
|        1982 |
|        1398 |
|        1382 |
|        1382 |
|        1398 |
|        1382 |
|        1443 |
|        1398 |
|        1398 |
|        1383 |
|        1382 |
|        1398 |
|        1398 |
|        1398 |
|        1383 |
|        1982 |
|        1443 |
|        1382 |
|        1982 |
|        1982 |
|        1382 |
|        1443 |
|        1382 |
|        1443 |
|        1982 |
|        1383 |
|        1398 |
|        1982 |
|        1982 |
|        1443 |
|        1383 |
|        1398 |
|        1982 |
|        1398 |
|        1398 |
|        1383 |
|        1982 |
|        1382 |
|        1443 |
|        1398 |
|        1982 |
|        1443 |
|        1398 |
|        1982 |
|        1383 |
|        1982 |
|        1383 |
|        1382 |
|        1383 |
|        1398 |
|        1398 |
|        1982 |
|        1383 |
|        1443 |
|        1443 |
|        1398 |
|        1398 |
|        1443 |
|        1382 |
|        1982 |
|        1443 |
|        1982 |
|        1982 |
|        1398 |
|        1398 |
|        1398 |
|        1383 |
|        1398 |
|        1982 |
|        1443 |
|        1383 |
|        1383 |
|        1382 |
|        1398 |
|        1443 |
|        1382 |
|        1398 |
|        1982 |
|        1982 |
|        1398 |
+-------------+
183 rows in set (0.01 sec)

Empty set (0.00 sec)

+-----+-------------+
| cid | order_count |
+-----+-------------+
| 733 |           5 |
| 578 |           4 |
| 255 |           3 |
| 259 |           3 |
| 270 |           3 |
| 316 |           3 |
| 436 |           3 |
| 511 |           3 |
| 548 |           3 |
| 564 |           3 |
| 699 |           3 |
| 724 |           3 |
| 747 |           3 |
| 797 |           3 |
| 801 |           3 |
| 816 |           3 |
| 869 |           3 |
| 877 |           3 |
| 879 |           3 |
| 892 |           3 |
|   8 |           2 |
|  43 |           2 |
|  88 |           2 |
| 102 |           2 |
| 184 |           2 |
| 189 |           2 |
| 190 |           2 |
| 202 |           2 |
| 219 |           2 |
| 222 |           2 |
| 238 |           2 |
| 249 |           2 |
| 262 |           2 |
| 275 |           2 |
| 280 |           2 |
| 290 |           2 |
| 296 |           2 |
| 303 |           2 |
| 360 |           2 |
| 370 |           2 |
| 379 |           2 |
| 386 |           2 |
| 405 |           2 |
| 411 |           2 |
| 439 |           2 |
| 442 |           2 |
| 475 |           2 |
| 478 |           2 |
| 499 |           2 |
| 559 |           2 |
| 561 |           2 |
| 606 |           2 |
| 613 |           2 |
| 622 |           2 |
| 634 |           2 |
| 638 |           2 |
| 645 |           2 |
| 646 |           2 |
| 654 |           2 |
| 663 |           2 |
| 667 |           2 |
| 690 |           2 |
| 691 |           2 |
| 695 |           2 |
| 702 |           2 |
| 726 |           2 |
| 731 |           2 |
| 765 |           2 |
| 775 |           2 |
| 780 |           2 |
| 784 |           2 |
| 813 |           2 |
| 822 |           2 |
| 826 |           2 |
| 830 |           2 |
| 852 |           2 |
| 866 |           2 |
| 871 |           2 |
| 886 |           2 |
| 916 |           2 |
| 920 |           2 |
| 925 |           2 |
| 927 |           2 |
| 962 |           2 |
| 974 |           2 |
| 978 |           2 |
|   2 |           1 |
|   4 |           1 |
|   5 |           1 |
|  11 |           1 |
|  12 |           1 |
|  15 |           1 |
|  16 |           1 |
|  18 |           1 |
|  20 |           1 |
|  28 |           1 |
|  31 |           1 |
|  33 |           1 |
|  34 |           1 |
|  36 |           1 |
|  52 |           1 |
|  53 |           1 |
|  62 |           1 |
|  63 |           1 |
|  68 |           1 |
|  70 |           1 |
|  75 |           1 |
|  77 |           1 |
|  85 |           1 |
|  93 |           1 |
|  96 |           1 |
|  98 |           1 |
|  99 |           1 |
| 100 |           1 |
| 101 |           1 |
| 103 |           1 |
| 106 |           1 |
| 114 |           1 |
| 116 |           1 |
| 118 |           1 |
| 121 |           1 |
| 122 |           1 |
| 123 |           1 |
| 125 |           1 |
| 128 |           1 |
| 129 |           1 |
| 130 |           1 |
| 132 |           1 |
| 134 |           1 |
| 137 |           1 |
| 139 |           1 |
| 142 |           1 |
| 143 |           1 |
| 148 |           1 |
| 152 |           1 |
| 153 |           1 |
| 156 |           1 |
| 164 |           1 |
| 166 |           1 |
| 170 |           1 |
| 171 |           1 |
| 173 |           1 |
| 178 |           1 |
| 180 |           1 |
| 181 |           1 |
| 185 |           1 |
| 197 |           1 |
| 200 |           1 |
| 204 |           1 |
| 205 |           1 |
| 206 |           1 |
| 208 |           1 |
| 211 |           1 |
| 212 |           1 |
| 214 |           1 |
| 218 |           1 |
| 220 |           1 |
| 221 |           1 |
| 225 |           1 |
| 226 |           1 |
| 228 |           1 |
| 232 |           1 |
| 234 |           1 |
| 235 |           1 |
| 239 |           1 |
| 241 |           1 |
| 245 |           1 |
| 246 |           1 |
| 247 |           1 |
| 248 |           1 |
| 256 |           1 |
| 260 |           1 |
| 266 |           1 |
| 271 |           1 |
| 274 |           1 |
| 278 |           1 |
| 279 |           1 |
| 283 |           1 |
| 284 |           1 |
| 285 |           1 |
| 286 |           1 |
| 293 |           1 |
| 295 |           1 |
| 298 |           1 |
| 301 |           1 |
| 305 |           1 |
| 311 |           1 |
| 312 |           1 |
| 321 |           1 |
| 323 |           1 |
| 324 |           1 |
| 325 |           1 |
| 327 |           1 |
| 329 |           1 |
| 334 |           1 |
| 335 |           1 |
| 336 |           1 |
| 340 |           1 |
| 345 |           1 |
| 351 |           1 |
| 352 |           1 |
| 357 |           1 |
| 361 |           1 |
| 362 |           1 |
| 371 |           1 |
| 376 |           1 |
| 377 |           1 |
| 383 |           1 |
| 384 |           1 |
| 387 |           1 |
| 389 |           1 |
| 390 |           1 |
| 392 |           1 |
| 395 |           1 |
| 397 |           1 |
| 399 |           1 |
| 401 |           1 |
| 402 |           1 |
| 403 |           1 |
| 407 |           1 |
| 409 |           1 |
| 410 |           1 |
| 413 |           1 |
| 419 |           1 |
| 420 |           1 |
| 427 |           1 |
| 430 |           1 |
| 431 |           1 |
| 438 |           1 |
| 450 |           1 |
| 451 |           1 |
| 455 |           1 |
| 457 |           1 |
| 461 |           1 |
| 464 |           1 |
| 466 |           1 |
| 467 |           1 |
| 469 |           1 |
| 471 |           1 |
| 472 |           1 |
| 477 |           1 |
| 479 |           1 |
| 480 |           1 |
| 481 |           1 |
| 493 |           1 |
| 494 |           1 |
| 495 |           1 |
| 497 |           1 |
| 500 |           1 |
| 501 |           1 |
| 505 |           1 |
| 506 |           1 |
| 507 |           1 |
| 510 |           1 |
| 514 |           1 |
| 516 |           1 |
| 517 |           1 |
| 518 |           1 |
| 519 |           1 |
| 522 |           1 |
| 525 |           1 |
| 528 |           1 |
| 533 |           1 |
| 540 |           1 |
| 543 |           1 |
| 547 |           1 |
| 555 |           1 |
| 556 |           1 |
| 558 |           1 |
| 570 |           1 |
| 572 |           1 |
| 573 |           1 |
| 574 |           1 |
| 576 |           1 |
| 577 |           1 |
| 581 |           1 |
| 585 |           1 |
| 591 |           1 |
| 593 |           1 |
| 595 |           1 |
| 600 |           1 |
| 602 |           1 |
| 604 |           1 |
| 607 |           1 |
| 615 |           1 |
| 624 |           1 |
| 625 |           1 |
| 628 |           1 |
| 637 |           1 |
| 639 |           1 |
| 644 |           1 |
| 648 |           1 |
| 649 |           1 |
| 651 |           1 |
| 655 |           1 |
| 662 |           1 |
| 668 |           1 |
| 674 |           1 |
| 677 |           1 |
| 678 |           1 |
| 681 |           1 |
| 686 |           1 |
| 687 |           1 |
| 688 |           1 |
| 689 |           1 |
| 693 |           1 |
| 694 |           1 |
| 713 |           1 |
| 720 |           1 |
| 723 |           1 |
| 730 |           1 |
| 732 |           1 |
| 734 |           1 |
| 735 |           1 |
| 736 |           1 |
| 746 |           1 |
| 755 |           1 |
| 756 |           1 |
| 758 |           1 |
| 760 |           1 |
| 761 |           1 |
| 764 |           1 |
| 766 |           1 |
| 767 |           1 |
| 774 |           1 |
| 777 |           1 |
| 789 |           1 |
| 794 |           1 |
| 795 |           1 |
| 803 |           1 |
| 805 |           1 |
| 807 |           1 |
| 812 |           1 |
| 815 |           1 |
| 821 |           1 |
| 825 |           1 |
| 827 |           1 |
| 828 |           1 |
| 829 |           1 |
| 831 |           1 |
| 835 |           1 |
| 838 |           1 |
| 839 |           1 |
| 841 |           1 |
| 845 |           1 |
| 849 |           1 |
| 850 |           1 |
| 853 |           1 |
| 859 |           1 |
| 865 |           1 |
| 872 |           1 |
| 874 |           1 |
| 880 |           1 |
| 883 |           1 |
| 884 |           1 |
| 888 |           1 |
| 900 |           1 |
| 903 |           1 |
| 906 |           1 |
| 911 |           1 |
| 914 |           1 |
| 915 |           1 |
| 923 |           1 |
| 928 |           1 |
| 932 |           1 |
| 936 |           1 |
| 940 |           1 |
| 942 |           1 |
| 944 |           1 |
| 946 |           1 |
| 948 |           1 |
| 949 |           1 |
| 951 |           1 |
| 952 |           1 |
| 953 |           1 |
| 955 |           1 |
| 958 |           1 |
| 959 |           1 |
| 963 |           1 |
| 964 |           1 |
| 968 |           1 |
| 975 |           1 |
| 977 |           1 |
| 983 |           1 |
| 984 |           1 |
| 985 |           1 |
| 994 |           1 |
| 995 |           1 |
| 999 |           1 |
+-----+-------------+
389 rows in set (0.01 sec)

Empty set (0.00 sec)

Query OK, 0 rows affected (0.00 sec)
Rows matched: 0  Changed: 0  Warnings: 0

Query OK, 0 rows affected (0.00 sec)
Rows matched: 0  Changed: 0  Warnings: 0

Query OK, 1 row affected, 3 warnings (0.00 sec)

ERROR 1644 (45000): Cannot add a sales transaction unless it is paid.
Query OK, 0 rows affected (0.00 sec)

Query OK, 0 rows affected (0.00 sec)

mysql> Terminal close -- exit!
